   Rk Player Tm Age Pos G GS QBrec Cmp Att Cmp% Yds TD TD% Int Int% 1D Lng Y/A AY/A Y/C Y/G Rate QBR Sk Yds NY/A ANY/A Sk% 4QC GWD
   1 [201]Jared Goff [202]LAR 25 QB 16 16 9-7-0 394 626 62.9 4638 22 3.5 16 2.6 220 66 7.4 7.0 11.8 289.9 86.5 48.2 22 170 6.90 6.46 3.4 1 2
   2 [203]Jameis Winston [204]TAM 25 QB 16 16 7-9-0 380 626 60.7 5109 33 5.3 30 4.8 243 71 8.2 7.1 13.4 319.3 84.3 57.1 47 282 7.17 6.15 7.0 2 2
   3 [205]Matt Ryan [206]ATL 34 QB 15 15 7-8-0 408 616 66.2 4466 26 4.2 14 2.3 228 93 7.3 7.1 10.9 297.7 92.1 58.4 48 316 6.25 6.08 7.2 3 2
   4 [207]Tom Brady [208]NWE 42 QB 16 16 12-4-0 373 613 60.8 4057 24 3.9 8 1.3 193 59 6.6 6.8 10.9 253.6 88.0 52.5 27 185 6.05 6.24 4.2 1 1
   5 [209]Carson Wentz [210]PHI 27 QB 16 16 9-7-0 388 607 63.9 4039 27 4.4 7 1.2 213 53 6.7 7.0 10.4 252.4 93.1 62.9 37 230 5.91 6.26 5.7 2 4
   6 [211]Dak Prescott [212]DAL 26 QB 16 16 8-8-0 388 596 65.1 4902 30 5.0 11 1.8 229 62 8.2 8.4 12.6 306.4 99.7 71.2 23 151 7.68 7.84 3.7
   7 [213]Philip Rivers [214]LAC 38 QB 16 16 5-11-0 390 591 66.0 4615 23 3.9 20 3.4 217 84 7.8 7.1 11.8 288.4 88.5 48.9 34 222 7.03 6.32 5.4 1 2
   8 [215]Aaron Rodgers* [216]GNB 36 QB 16 16 13-3-0 353 569 62.0 4002 26 4.6 4 0.7 189 74 7.0 7.6 11.3 250.1 95.4 53.5 36 284 6.15 6.71 6.0 2 3
   9 [217]Kyler Murray [218]ARI 22 QB 16 16 5-10-1 349 542 64.4 3722 20 3.7 12 2.2 173 88 6.9 6.6 10.7 232.6 87.4 56.0 48 309 5.78 5.55 8.1 1 2
   10 [219]Baker Mayfield [220]CLE 24 QB 16 16 6-10-0 317 534 59.4 3827 22 4.1 21 3.9 179 89 7.2 6.2 12.1 239.2 78.8 49.1 40 285 6.17 5.29 7.0 1 1
   11 [221]Andy Dalton [222]CIN 32 QB 13 13 2-11-0 314 528 59.5 3494 16 3.0 14 2.7 170 66 6.6 6.0 11.1 268.8 78.3 37.0 37 249 5.74 5.19 6.5
   12 [223]Mitchell Trubisky [224]CHI 25 QB 15 15 8-7-0 326 516 63.2 3138 17 3.3 10 1.9 156 53 6.1 5.9 9.6 209.2 83.0 40.6 38 234 5.24 5.04 6.9 3 3
   13 [225]Russell Wilson* [226]SEA 31 QB 16 16 11-5-0 341 516 66.1 4110 31 6.0 5 1.0 190 60 8.0 8.7 12.1 256.9 106.3 69.4 48 319 6.72 7.42 8.5 4 5
   14 [227]Derek Carr [228]OAK 28 QB 16 16 7-9-0 361 513 70.4 4054 21 4.1 8 1.6 191 75 7.9 8.0 11.2 253.4 100.8 63.7 29 184 7.14 7.25 5.4 2 3
   15 [229]Ryan Fitzpatrick [230]MIA 37 QB 15 13 5-8-0 311 502 62.0 3529 20 4.0 13 2.6 182 51 7.0 6.7 11.3 235.3 85.5 64.7 40 209 6.13 5.78 7.4 3 4
   16 [231]Deshaun Watson* [232]HOU 24 QB 15 15 10-5-0 333 495 67.3 3852 26 5.3 12 2.4 191 54 7.8 7.7 11.6 256.8 98.0 69.5 44 257 6.67 6.63 8.2 3 5
   17 [233]Kyle Allen [234]CAR 23 QB 13 12 5-7-0 303 489 62.0 3322 17 3.5 16 3.3 188 52 6.8 6.0 11.0 255.5 80.0 37.8 46 397 5.47 4.76 8.6 0 1
   18 [235]Patrick Mahomes* [236]KAN 24 QB 14 14 11-3-0 319 484 65.9 4031 26 5.4 5 1.0 176 83 8.3 8.9 12.6 287.9 105.3 78.0 17 127 7.79 8.38 3.4 1 1
   19 [237]Jimmy Garoppolo [238]SFO 28 QB 16 16 13-3-0 329 476 69.1 3978 27 5.7 13 2.7 193 75 8.4 8.3 12.1 248.6 102.0 60.2 36 237 7.31 7.22 7.0 4 4
   20 [239]Gardner Minshew [240]JAX 23 QB 14 12 6-6-0 285 470 60.6 3271 21 4.5 6 1.3 150 70 7.0 7.3 11.5 233.6 91.2 45.2 33 184 6.14 6.44 6.6 3 3
   21 [241]Josh Allen [242]BUF 23 QB 16 16 10-6-0 271 461 58.8 3089 20 4.3 9 2.0 146 53 6.7 6.7 11.4 193.1 85.3 45.8 38 237 5.72 5.71 7.6 4 5
   22 [243]Daniel Jones [244]NYG 22 QB 13 12 3-9-0 284 459 61.9 3027 24 5.2 12 2.6 140 75 6.6 6.5 10.7 232.8 87.7 55.0 38 295 5.50 5.38 7.6 1 2
   23 [245]Jacoby Brissett [246]IND 27 QB 15 15 7-8-0 272 447 60.9 2942 18 4.0 6 1.3 143 50 6.6 6.8 10.8 196.1 88.0 52.1 27 159 5.87 6.06 5.7 2 2
   24 [247]Kirk Cousins* [248]MIN 31 QB 15 15 10-5-0 307 444 69.1 3603 26 5.9 6 1.4 165 66 8.1 8.7 11.7 240.2 107.4 59.8 28 206 7.20 7.73 5.9 1 1
   25 [249]Sam Darnold [250]NYJ 22 QB 13 13 7-6-0 273 441 61.9 3024 19 4.3 13 2.9 147 92 6.9 6.4 11.1 232.6 84.3 41.5 33 212 5.93 5.50 7.0 2 3
   26 [251]Lamar Jackson*+ [252]BAL 22 QB 15 15 13-2-0 265 401 66.1 3127 36 9.0 6 1.5 161 83 7.8 8.9 11.8 208.5 113.3 81.1 23 106 7.13 8.19 5.4 1 2
   27 [253]Drew Brees* [254]NOR 40 QB 11 11 8-3-0 281 378 74.3 2979 27 7.1 4 1.1 159 61 7.9 8.8 10.6 270.8 116.3 74.2 12 89 7.41 8.33 3.1 1 2
   28 [255]Matthew Stafford [256]DET 31 QB 8 8 3-4-1 187 291 64.3 2499 19 6.5 5 1.7 117 66 8.6 9.1 13.4 312.4 106.0 73.1 18 137 7.64 8.15 5.8 2 1
   29 [257]Ryan Tannehill* [258]TEN 31 QB 12 10 7-3-0 201 286 70.3 2742 22 7.7 6 2.1 126 91 9.6 10.2 13.6 228.5 117.5 65.4 31 212 7.98 8.52 9.8 2 3
   30 [259]Mason Rudolph [260]PIT 24 QB 10 8 5-3-0 176 283 62.2 1765 13 4.6 9 3.2 80 76 6.2 5.7 10.0 176.5 82.0 34.9 15 124 5.51 5.02 5.0 1 1
   31 [261]Joe Flacco [262]DEN 34 QB 8 8 2-6-0 171 262 65.3 1822 6 2.3 5 1.9 86 70 7.0 6.6 10.7 227.8 85.1 48.4 26 194 5.65 5.29 9.0
   32 [263]Case Keenum [264]WAS 31 QB 10 8 1-7-0 160 247 64.8 1707 11 4.5 5 2.0 83 69 6.9 6.9 10.7 170.7 91.3 43.3 15 145 5.96 5.94 5.7
   33 [265]Dwayne Haskins [266]WAS 22 qb 9 7 2-5-0 119 203 58.6 1365 7 3.4 7 3.4 65 75 6.7 5.9 11.5 151.7 76.1 26.8 29 204 5.00 4.25 12.5 1 1
   34 [267]Teddy Bridgewater [268]NOR 27 qb 9 5 5-0-0 133 196 67.9 1384 9 4.6 2 1.0 67 45 7.1 7.5 10.4 153.8 99.1 45.0 12 89 6.23 6.66 5.8 1 2
   35 [269]David Blough [270]DET 24 qb 5 5 0-5-0 94 174 54.0 984 4 2.3 6 3.4 47 75 5.7 4.6 10.5 196.8 64.0 30.0 14 104 4.68 3.67 7.4
   36 [271]Devlin Hodges [272]PIT 23 qb 8 6 3-3-0 100 160 62.5 1063 5 3.1 8 5.0 51 79 6.6 5.0 10.6 132.9 71.4 28.9 15 102 5.49 4.01 8.6 0 1
   37 [273]Marcus Mariota [274]TEN 26 qb 7 6 2-4-0 95 160 59.4 1203 7 4.4 2 1.3 50 75 7.5 7.8 12.7 171.9 92.3 31.4 25 162 5.63 5.90 13.5
   38 [275]Drew Lock [276]DEN 23 qb 5 5 4-1-0 100 156 64.1 1020 7 4.5 3 1.9 54 48 6.5 6.6 10.2 204.0 89.7 57.7 5 26 6.17 6.20 3.1 1 2
   39 [277]Eli Manning [278]NYG 38 qb 4 4 1-3-0 91 147 61.9 1042 6 4.1 5 3.4 47 55 7.1 6.4 11.5 260.5 82.6 29.6 5 44 6.57 5.88 3.3
   40 [279]Nick Foles [280]JAX 30 qb 4 4 0-4-0 77 117 65.8 736 3 2.6 2 1.7 31 39 6.3 6.0 9.6 184.0 84.6 33.6 8 60 5.41 5.17 6.4
   41 [281]Josh Rosen [282]MIA 22 qb 6 3 0-3-0 58 109 53.2 567 1 0.9 5 4.6 26 40 5.2 3.3 9.8 94.5 52.0 19.4 16 93 3.79 2.15 12.8
   42 [283]Jeff Driskel [284]DET 26 qb 3 3 0-3-0 62 105 59.0 685 4 3.8 4 3.8 31 47 6.5 5.6 11.0 228.3 75.3 44.7 11 46 5.51 4.65 9.5
   43 [285]Matt Moore [286]KAN 35 qb 6 2 1-1-0 59 91 64.8 659 4 4.4 0 0.0 35 57 7.2 8.1 11.2 109.8 100.9 51.7 8 65 6.00 6.81 8.1 1 1
   44 [287]Cam Newton [288]CAR 30 qb 2 2 0-2-0 50 89 56.2 572 0 0.0 1 1.1 29 44 6.4 5.9 11.4 286.0 71.0 23.1 6 43 5.57 5.09 6.3
   45 [289]Ryan Finley [290]CIN 25 qb 3 3 0-3-0 41 87 47.1 474 2 2.3 2 2.3 20 47 5.4 4.9 11.6 158.0 62.1 22.3 11 93 3.89 3.38 11.2
   46 [291]Brandon Allen [292]DEN 27 qb 3 3 1-2-0 39 84 46.4 515 3 3.6 2 2.4 20 75 6.1 5.8 13.2 171.7 68.3 33.5 9 59 4.90 4.58 9.7
   47 [293]Luke Falk [294]NYJ 25 qb 3 2 0-2-0 47 73 64.4 416 0 0.0 3 4.1 15 36 5.7 3.8 8.9 138.7 62.4 7.7 16 96 3.60 2.08 18.0
   48 [295]Matt Schaub [296]ATL 38 qb 6 1 0-1-0 50 67 74.6 580 3 4.5 1 1.5 30 35 8.7 8.9 11.6 96.7 109.0 81.1 2 19 8.13 8.35 2.9
   49 [297]Brian Hoyer [298]IND 34 qb 4 1 0-1-0 35 65 53.8 372 4 6.2 4 6.2 22 23 5.7 4.2 10.6 93.0 65.7 13.2 5 47 4.64 3.21 7.1
   50 [299]Chase Daniel [300]CHI 33 qb 3 1 0-1-0 45 64 70.3 435 3 4.7 2 3.1 22 37 6.8 6.3 9.7 145.0 91.6 63.6 7 48 5.45 5.03 9.9
   51 [301]Ben Roethlisberger [302]PIT 37 qb 2 2 0-2-0 35 62 56.5 351 0 0.0 1 1.6 14 45 5.7 4.9 10.0 175.5 66.0 20.8 2 7 5.38 4.67 3.1
   52 [303]Will Grier [304]CAR 24 qb 2 2 0-2-0 28 52 53.8 228 0 0.0 4 7.7 12 28 4.4 0.9 8.1 114.0 33.2 2.8 6 44 3.17 0.07 10.3
   54 [307]Robert Griffin [308]BAL 29 qb 7 1 1-0-0 23 38 60.5 225 1 2.6 2 5.3 10 39 5.9 4.1 9.8 32.1 64.0 44.6 5 19 4.79 3.16 11.6
   55 [309]A.J. McCarron [310]HOU 29 qb 2 1 0-1-0 21 37 56.8 225 0 0.0 1 2.7 11 21 6.1 4.9 10.7 112.5 63.5 28.1 5 43 4.33 3.26 11.9
   56 [311]Colt McCoy [312]WAS 33 qb 1 1 0-1-0 18 27 66.7 122 0 0.0 1 3.7 5 22 4.5 2.9 6.8 122.0 61.0 9.8 6 44 2.36 1.00 18.2
   57 [313]Sean Mannion [314]MIN 27 qb 3 1 0-1-0 12 21 57.1 126 0 0.0 2 9.5 6 35 6.0 1.7 10.5 42.0 35.1 24.4 0 0 6.00 1.71 0.0
   60 [319]Taysom Hill [320]NOR 29 qb 16 5 3 6 50.0 55 0 0.0 0 0.0 3 20 9.2 9.2 18.3 3.4 81.9 83.9 1 9 6.57 6.57 14.3
   61 [321]Trevor Siemian [322]NYJ 28 qb 1 1 0-1-0 3 6 50.0 3 0 0.0 0 0.0 0 3 0.5 0.5 1.0 3.0 56.2 1.3 2 17 -1.75 -1.75 25.0
